Clearing
Dirt, 100
100, 0, 0, 0
3, 0, 0, 0
0, 0, 0, 0
END
Fields
Dirt, 100
100, 0, 0, 0
5, 0, 0, 0
2, 0, 0, 0
END
Forest
MR, 1, 100, 0, 0, 0, 1, 0, 0, 0
Dirt, 100
95, 5, 0, 0
10, 3, 0, 0
5, 0, 0, 0
END
Farms
Dirt, 80 
90, 10, 0, 0
15, 5, 0, 0
7, 1, 0, 0
Stone, 20
100, 0, 0, 0
3, 0, 0, 0
0, 0, 0, 0
END
Hills
Stone, 95
80, 20, 0, 0
15, 5, 0, 0
10, 0, 0, 0
Gravel, 5
100, 0, 0, 0
5, 0, 0, 0
0, 0, 0, 0
END
Mines
Stone, 60
60, 40, 0, 0
25, 15, 0, 0
25, 5, 0, 0
Gravel, 35
90, 10, 0, 0
15, 5, 0, 0
25, 5, 0, 0
Clay, 5
100, 0, 0, 0
5, 0, 0, 0
0, 0, 0, 0
END
Mountains
Stone, 50
25, 70, 5, 0
150, 25, 5, 0
250, 35, 0, 0
Gravel, 45
50, 48, 2, 0
50, 25, 3, 0
100, 50, 0, 0
Granite, 5
100, 0, 0, 0
5, 0, 0, 0
0, 0, 0, 0
END
Peak
Stone, 80
0, 50, 50, 0
0, 500, 50, 0
0, 500, 25, 0
Granite, 17
85, 15, 0, 0
25, 5, 0, 0
25, 5, 0, 0
Iron, 3
100, 0, 0, 0
5, 0, 0, 0
0, 0, 0, 0
END
Ravine
Stone, 70
0, 20, 77, 3
0, 2000, 115, 3
0, 1500, 125, 0
Iron, 25
85, 15, 0, 0
8, 3, 0, 0
15, 3, 0, 0
Steel, 5
100, 0, 0, 0
4, 0, 0, 0
0, 0, 0, 0
END
Volcano
Obsidian, 65
100, 0, 0, 0
20, 0, 0, 0
0, 0, 0, 0
Iron, 25
60, 32, 8, 0
35, 17, 10, 0
40, 25, 5, 0
Steel, 10
80, 20, 0, 0
25, 10, 0, 0
15, 5, 0, 0
END